              precision    recall  f1-score   support

       akiec     0.3187    0.5918    0.4143        49
         bcc     0.3399    0.6753    0.4522        77
         bkl     0.3827    0.4545    0.4155       165
          df     0.1613    0.5882    0.2532        17
          nv     0.9605    0.5795    0.7229      1006
        vasc     0.2125    0.7727    0.3333        22
         mel     0.2611    0.4910    0.3410       167

    accuracy                         0.5642      1503
   macro avg     0.3767    0.5933    0.4189      1503
weighted avg     0.7466    0.5642    0.6118      1503
